0 0 0 0 0 0 0 0 0 5 1 0 
1 1 -1 -1 -1 -1 -1 -1 -1 7 0 0 
0 -2 -4 -4 -4 -4 -4 -4 -4 3 1 0 
1 0 -5 -5 -5 -5 -5 -5 -5 4 1 0 
0 1 -7 -7 -7 -7 -7 -7 -7 1 1 0 
0 0 0 -9 -9 -9 -9 -9 -9 2 1 0 
-1 -1 -2 -11 -11 -11 -11 -11 -11 6 1 0 
0 -1 -3 -12 -12 -12 -12 -12 -12 2 1 0 
-1 -1 -5 -14 -14 -14 -14 -14 -14 4 1 0 
0 0 0 0 0 0 0 0 0 3 1 0 
1 0 -1 -1 -1 -1 -1 -1 -1 7 0 0 
0 -3 -4 -4 -4 -4 -4 -4 -4 2 1 0 
-1 -1 -6 -6 -6 -6 -6 -6 -6 6 1 0 
0 -1 -7 -7 -7 -7 -7 -7 -7 1 1 0 
0 0 0 -8 -8 -8 -8 -8 -8 5 1 0 
1 1 -1 -9 -9 -9 -9 -9 -9 4 1 0 
0 1 -3 -11 -11 -11 -11 -11 -11 7 0 0 
0 -1 -5 -13 -13 -13 -13 -13 -13 4 1 0 
0 1 -6 -14 -14 -14 -14 -14 -14 3 1 0 
1 0 -8 -16 -16 -16 -16 -16 -16 2 1 0 
-1 -1 -11 -19 -19 -19 -19 -19 -19 1 1 0 
